{
 "cells": [
  {
   "cell_type": "code",
   "execution_count": 150,
   "id": "ongoing-vocabulary",
   "metadata": {},
   "outputs": [],
   "source": [
    "import pandas as pd\n",
    "import numpy as np\n",
    "from mpl_toolkits.mplot3d import Axes3D\n",
    "import matplotlib.pyplot as plt\n",
    "import random\n",
    "from numpy import linalg as LA"
   ]
  },
  {
   "cell_type": "code",
   "execution_count": 151,
   "id": "simplified-packing",
   "metadata": {},
   "outputs": [
    {
     "name": "stdout",
     "output_type": "stream",
     "text": [
      "      acc_x  acc_y  acc_z  gyr_x  gyr_y  gyr_z  mag_x  mag_y  mag_z\n",
      "0       -44    221   -957   -910   -980   -840   -304   -169    736\n",
      "1       -47    223   -956   -840   -980   -770   -312   -162    727\n",
      "2       -46    223   -957  -1190   -980   -770   -312   -160    729\n",
      "3       -46    223   -957  -1400  -1050   -840   -315   -160    733\n",
      "4       -46    223   -957  -1400   -980   -840   -304   -162    729\n",
      "...     ...    ...    ...    ...    ...    ...    ...    ...    ...\n",
      "4994    -30    -30   -983   -210  -1050   -770   -169   -157    693\n",
      "4995    -30    -31   -983   -140  -1050   -770   -168   -138    694\n",
      "4996    -30    -31   -984   -140   -980   -770   -178   -145    699\n",
      "4997    -30    -32   -984   -280  -1050   -770   -174   -148    708\n",
      "4998    -30    -31   -983   -140   -980   -770   -169   -145    705\n",
      "\n",
      "[4999 rows x 9 columns]\n"
     ]
    }
   ],
   "source": [
    "df = pd.read_csv('data100Hz_90deg.csv')\n",
    "print(df)"
   ]
  },
  {
   "cell_type": "markdown",
   "id": "specified-heather",
   "metadata": {},
   "source": [
    "## Extended Kalman filter \n",
    "\n",
    "[2].A. M. Sabatini \"Kalman-Filter-Based Orientation Determination Using Inertial/Magnetic Sensors: Observability Analysis and Performance Evaluation\" 2011.\n",
    "\n"
   ]
  },
  {
   "cell_type": "markdown",
   "id": "figured-exhibition",
   "metadata": {},
   "source": [
    "## Quaterion in orientation representation [2].\n",
    "\n",
    "The 3D orientation of a rigid body is represented using two right-h anded coordinate systems:   \n",
    "The earth-fixed frame: $E = \\{e_1, e_2, e_3\\}$,  \n",
    "and  \n",
    "The Body-fixed frame : $B = \\{e_1', e_2', e_3'\\}$\n",
    "  \n",
    "An arbitrary vector $x$ can be represented in either of these two frames:  \n",
    "$x_B = Cx_E$,  \n",
    "where:\n",
    "$C$ - orientation matrix, colums - $e_i$ with respect to B, rows = $e_i'$ with respect to E.  \n",
    "  \n",
    "The Quaterions are derived by formulating the orientation matrix as a homogeneus quadratic function of the Euler symmetric parameters  \n",
    "$q_i$, for $i =1,2,3,4$  \n",
    "$C(\\bar{q}) = I_{3x3} - 2q_4[q\\times]+ 2[q\\times]^2$\n",
    "Where the operator:  \n",
    "  \n",
    "$$[q\\times] = \\begin{bmatrix} 0 & -q_3 & q_2 \\\\ q_3 & 0 & -q_1 \\\\ -q_2 & q_1 & 0 \\end{bmatrix}$$\n",
    "  \n",
    "Is a Skew-symmetric matrix ($A^T = -A$)\n",
    "And $I$ is an identity matrix.\n",
    "\n",
    "Common notation on quaterions:\n",
    "\n",
    "$q = [q_1 q_2 q_3] = sin(\\theta/2)n^T, q_4 = cos(\\theta/2)$  \n",
    "and the final:  \n",
    "$\\bar{q} = [q^T q_4]$\n",
    "  \n",
    "Quatrtion conjugate operation: $(q^{uv})^c = q^{vu} $ is denoted as:\n",
    "$$ q^c = [q_0 -q_{v}^{T}]^T $$"
   ]
  },
  {
   "cell_type": "code",
   "execution_count": 152,
   "id": "floppy-button",
   "metadata": {},
   "outputs": [],
   "source": [
    "#quat_e(np.array([1,2,3]))"
   ]
  },
  {
   "cell_type": "code",
   "execution_count": 153,
   "id": "compound-bernard",
   "metadata": {},
   "outputs": [],
   "source": [
    "#quat_e(np.array([1,2,3]))"
   ]
  },
  {
   "cell_type": "code",
   "execution_count": 154,
   "id": "informative-moscow",
   "metadata": {},
   "outputs": [],
   "source": [
    "# SKEW MATRIX \n",
    "def skew_mat(q):\n",
    "    # calculate Skew-symmetric matrix from 3x1 vector\n",
    "    #Input:\n",
    "    # x - vector 3x1\n",
    "    #Output:\n",
    "    # skew-symmetric matrix\n",
    "    \n",
    "    return np.array([[  0.0,   -q[2],   q[1] ],\n",
    "                     [  q[2],   0.0,   -q[0] ],\n",
    "                     [ -q[1],   q[0],   0.0  ]])\n",
    "\n",
    "\n",
    "\n",
    "#QUATERION OPERATIONS\n",
    "def q_conjugate(q):\n",
    "    # quaterion conjugate operation, see quaterion description above.\n",
    "    #Input:\n",
    "    #    q - quaterion (vector 4x1), np.array!\n",
    "    #Output:\n",
    "    #    q_c - quaterion conjugate, np.array!\n",
    "    q_c = np.hstack(([q[0]],-q[1:]))\n",
    "    return q_c/LA.norm(q_c)#np.hstack(([q[0]],-q[1:]))\n",
    "\n",
    "def L_operator(q):\n",
    "    # L operator \n",
    "    #Input:\n",
    "    #    q - quaterion, np.array\n",
    "    #Output:\n",
    "    #    q^L \n",
    "    sk = skew_mat(q[1:])\n",
    "    q_L = np.zeros([4,4])\n",
    "    q_L[1:4, 1:4] = q[0]*np.identity(3)+sk;\n",
    "    q_L[:,0] = q\n",
    "    q_L[0,1:] = -q[1:]\n",
    "    return q_L\n",
    "\n",
    "def R_operator(q):\n",
    "    # R operator\n",
    "    #Input:\n",
    "    #    q - quaterion, np.array\n",
    "    #Output:\n",
    "    #    q^R \n",
    "    sk = skew_mat(q[1:])\n",
    "    q_R = np.zeros([4,4])\n",
    "    q_R[1:4, 1:4] = q[0]*np.identity(3)-sk;\n",
    "    q_R[:,0] = np.transpose(q)\n",
    "    q_R[0,1:] = -q[1:]\n",
    "    return q_R\n",
    "\n",
    "# Quaterion exponential operation\n",
    "def quat_e(eta, in_deg: bool = False):\n",
    "    # Convert rotation vector eta to quaterion using quaterion exponential mapping\n",
    "    #Input:\n",
    "    #    eta - rotation vector, np.array(3x1)\n",
    "    #Output:\n",
    "    #    q - quaterion calculated from rotation vector.\n",
    "    \n",
    "    \n",
    "    eta_norm = LA.norm(eta)\n",
    "    \n",
    "    if (eta_norm == 0):\n",
    "        return np.array([1,0,0,0])\n",
    "    \n",
    "    q0 = np.cos(eta_norm)\n",
    "    qv = eta*np.sin(eta_norm)/eta_norm\n",
    "    q = np.hstack([q0,qv])\n",
    "    return q/LA.norm(q)\n",
    "\n",
    "\n",
    "\n",
    "def quat_multi(p, q):\n",
    "    # Function for quaterion multiplication\n",
    "    # Remember that quaterion multiplication can be done unig L an R \n",
    "    # operators, see section above.\n",
    "    #Input:\n",
    "    #    p - left hand quaterion\n",
    "    #    q - right hand quaterion \n",
    "    #Output:\n",
    "    #    (p o q) - quaterion multiplication\n",
    "    #return L_operator(p)@q\n",
    "    #return np.hstack([p[0]*q[0] - np.dot(p[1:],q[1:]), \n",
    "     #                p[0]*q[1:]+q[0]*p[1:]+p[1:]@q[1:]])\n",
    "    return np.array([\n",
    "            p[0]*q[0] - p[1]*q[1] - p[2]*q[2] - p[3]*q[3],\n",
    "            p[0]*q[1] + p[1]*q[0] + p[2]*q[3] - p[3]*q[2],\n",
    "            p[0]*q[2] - p[1]*q[3] + p[2]*q[0] + p[3]*q[1],\n",
    "            p[0]*q[3] + p[1]*q[2] - p[2]*q[1] + p[3]*q[0]])"
   ]
  },
  {
   "cell_type": "code",
   "execution_count": 155,
   "id": "decreased-ethiopia",
   "metadata": {},
   "outputs": [],
   "source": [
    "def quat2rot(a):\n",
    "    # Convert quaterion q into rotation matrix representation\n",
    "    # input:\n",
    "    #    q - quaterion\n",
    "    # Output:\n",
    "    #    R - rotation matrix obtaineg by transforming quaterion q\n",
    "    #return np.array([\n",
    "    #    [1.0-2.0*(q[2]**2+q[3]**2), 2.0*(q[1]*q[2]-q[0]*q[3]), 2.0*(q[1]*q[3]+q[0]*q[2])],\n",
    "    #    [2.0*(q[1]*q[2]+q[0]*q[3]), 1.0-2.0*(q[1]**2+q[3]**2), 2.0*(q[2]*q[3]-q[0]*q[1])],\n",
    "    #    [2.0*(q[1]*q[3]-q[0]*q[2]), 2.0*(q[0]*q[1]+q[2]*q[3]), 1.0-2.0*(q[1]**2+q[2]**2)]])\n",
    "    q = a / LA.norm(a)\n",
    "    return np.array([[2*q[0]**2+2*q[1]**2-1, 2*q[1]*q[2]-2*q[0]*q[3], 2*q[1]*q[3]+2*q[0]*q[2]],\n",
    "                     [2*q[1]*q[2]+2*q[0]*q[3], 2*q[0]**2+2*q[2]**2-1, 2*q[2]*q[3]-2*q[0]*q[1]],\n",
    "                     [2*q[1]*q[3]-2*q[0]*q[2], 2*q[2]*q[3]+2*q[0]*q[1], 2*q[0]**2+2*q[3]**2-1]])"
   ]
  },
  {
   "cell_type": "code",
   "execution_count": 156,
   "id": "ultimate-citation",
   "metadata": {},
   "outputs": [],
   "source": [
    "def quat_to_ypr(q):\n",
    "    # Convert quaterion to ypr representation\n",
    "    #Input:\n",
    "    # q - Quaterion\n",
    "    #Output:\n",
    "    # psi, theta, psi\n",
    "    phi = np.arctan((2*q[1]*q[2]-2*q[0]*q[3])/(2*q[0]**2+2*q[1]**2-1))\n",
    "    theta = np.arcsin(2.0*q[1]*q[3] + 2*q[0]*q[2])\n",
    "    psi = np.arctan((2*q[2]*q[3]-2*q[0]*q[1])/(2*q[0]**2+2*q[3]**2-1))\n",
    "    \n",
    "    roll  = np.arctan2(2.0 * (q[3] * q[2] + q[0] * q[1]) , 1.0 - 2.0 * (q[1] * q[1] + q[2] * q[2]));\n",
    "    pitch = np.arcsin(2.0 * (q[2] * q[0] - q[3] * q[1]));\n",
    "    yaw   = np.arctan2(2.0 * (q[3] * q[0] + q[1] * q[2]) , - 1.0 + 2.0 * (q[0] * q[0] + q[1] * q[1]));\n",
    "    \n",
    "    return [roll, pitch, yaw]\n",
    "    #return [phi, theta, psi]"
   ]
  },
  {
   "cell_type": "code",
   "execution_count": 157,
   "id": "double-harbor",
   "metadata": {},
   "outputs": [],
   "source": [
    "def cayley(R):\n",
    "    # Transforming rotation matrix notation into quaterion notation.\n",
    "    #Input:\n",
    "    # R - Rotation matrix (direction cosine matrix)\n",
    "    #Output:\n",
    "    # quaterion [e0, e1, e2, e3]\n",
    "    #Based on:\n",
    "    # http://www.iri.upc.edu/files/scidoc/2083-A-Survey-on-the-Computation-of-Quaternions-from-Rotation-Matrices.pdf\n",
    "    #Why Cayley? \n",
    "    # As stated in \"A Survey on the Computation of Quaternions from Rotation Matrices\" by Soheil Sarabandi and Federico Thomas, page 20:\n",
    "    # Although they are used in Robotics, the second trigonometric method, Chiaverini-Siciliano’s and Hughes’s method should be avoided.\n",
    "    # Cayley’s method, besides being the simplest one, is superior in terms of accuracy and speed.\n",
    "\n",
    "    e0 = 0.25 * np.sqrt((R.trace() + 1.0)**2 + (R[2, 1]-R[1, 2])**2 + (R[0, 2]-R[2, 0])**2 +\n",
    "                                                (R[1, 0]-R[0, 1])**2)\n",
    "    \n",
    "    e1 = 0.25 * np.sign(R[2, 1]-R[1, 2]) * np.sqrt((R[2, 1]-R[1, 2])**2 + (R[0,0]-R[1,1]-R[2,2] + 1.0)**2 +\n",
    "                                            (R[1, 0]+R[0, 1])**2 + (R[2, 0]+R[0, 2])**2)\n",
    "    \n",
    "    e2 = 0.25 * np.sign(R[0, 2]-R[2, 0]) * np.sqrt((R[0, 2]-R[2, 0])**2 + (R[1, 0]+R[0, 1])**2 +\n",
    "                                            (R[1,1]-R[0,0]-R[2,2] + 1.0)**2 + (R[2, 1]+R[1, 2])**2)\n",
    "    \n",
    "    e3 = 0.25 * np.sign(R[1, 0]-R[0, 1]) * np.sqrt((R[1, 0]-R[0, 1])**2 + (R[2, 0]+R[0, 2])**2 +\n",
    "                                            (R[2, 1]+R[1, 2])**2 + (R[2,2]-R[0,0]-R[1,1] + 1.0)**2)\n",
    "    \n",
    "    q = np.array([e0,e1,e2,e3])\n",
    "    \n",
    "    return q/LA.norm(q)\n"
   ]
  },
  {
   "cell_type": "markdown",
   "id": "actual-brass",
   "metadata": {},
   "source": [
    "## Prior quaterion estimation\n",
    "Source:  \n",
    "[3] Manon Kok et al. \"Using Inertial Sensors for Position and Orientation Estimation\"  \n",
    "[4] M.D. Shuster, S.D. OH \"Three-Axis Attitude Determination from Vector Observation\"\n",
    "   \n",
    "### Modeling the prior [3]\n",
    "  \n",
    "A commonly used method to determine the initial orientation is to use the first accelerometer and magnetometer samples. This method is based on the fact that given two (or more) linearly independent vectors in two coordinate frames, the rotation between the two coordinate frames can be determined. The implicit assumption is that the accelerometer only measures the gravity vector and the magnetometer only measures the local magnetic field. Hence, the four vectors are given by the measurements:  \n",
    "-> $y_{a,t}$,    \n",
    "-> $y_{m,t}$,  \n",
    "-> local gravity vector $g^n$,   \n",
    "-> local magnetic field $m^n$.   \n",
    "These vectors are linearly independent except when the measurements are obtained on the magnetic north or south poles where the dip angle\n",
    "is $\\delta = 0$ and the magnetic field does not contain any heading information.  \n",
    "\n",
    "Local gravity vector can differ in different local tangent plane coordinates.  \n",
    "ENU = [0, 0, 1]  \n",
    "NED = [0, 0, -1]  \n",
    "Local magnetic field vector vary with location, and can be checked using World Magnetic Model.  \n",
    "\n",
    "For Prior (q0) estimation a TRIAD algorithm is used. \n",
    "\n",
    "### TRIAD algorithm [4]:\n",
    "\n",
    "As stated in [4], given two nonparallel reference unit vectors $\\bar{V}_1$ and $\\bar{V}_2$ as well as the corresponding observation unit vectors $\\bar{W}_1$ and $\\bar{W}_2$ we have to find an orthogonal matrix $A$ which satisfies:  \n",
    "$A\\bar{V}_1 = \\bar{W}_1$ and $A\\bar{V}_2 = \\bar{W}_2$  \n",
    "where: $A$ is the direction-cosine matrix  \n",
    "  \n",
    "First step is to construct two triads of manifestly orthonormal reference  and observation according to:  \n",
    "$\\bar{r}_1 = \\bar{V}_1$  \n",
    "  \n",
    "$\\bar{r}_2 = \\frac{\\bar{V}_1\\times\\bar{V}_2}{\\lVert\\bar{V}_1\\times\\bar{V}_2\\rVert}$   \n",
    "   \n",
    "$\\bar{r}_3 = \\frac{\\bar{V}_1\\times(\\bar{V}_1\\times\\bar{V}_2)}{\\lVert\\bar{V}_1\\times\\bar{V}_2\\rVert}$  \n",
    "  \n",
    "And:  \n",
    "  \n",
    "$\\bar{s}_1 = \\bar{W}_1$  \n",
    "  \n",
    "$\\bar{s}_2 = \\frac{\\bar{W}_1\\times\\bar{W}_2}{\\lVert\\bar{W}_1\\times\\bar{W}_2\\rVert}$   \n",
    "   \n",
    "$\\bar{s}_3 = \\frac{\\bar{W}_1\\times(\\bar{W}_1\\times\\bar{W}_2)}{\\lVert\\bar{W}_1\\times\\bar{W}_2\\rVert}$  \n",
    "  \n",
    "Knowing that there exist orthogonal matrix A which satisfies:\n",
    "$A\\bar{r}_i = \\bar{s}_i$  \n",
    "Which is equvalent to: \n",
    "  \n",
    "$A = M_{obs}M_{ref}^T$  \n",
    "where:  \n",
    "$M_{ref} = [\\bar{r}_1|\\bar{r}_2|\\bar{r}_3]$ and \n",
    "$M_{obs} = [\\bar{s}_1|\\bar{s}_2|\\bar{s}_3]$\n",
    "  \n",
    "### Initial covariance calculation [3]\n",
    "  \n",
    "Validity of estimated q0 depends highly on on the model assumption:  \n",
    "-> Sensor is far from magnetic material  \n",
    "-> Linear acceleration is zero.  \n",
    "Having stated that we can model that in 68% of the cases the orientation error is less than 5° [3]:\n",
    "$\\Sigma_{\\eta,i} = \\sigma^2_{\\eta,i}I_{3x3}$, $\\sigma_{\\eta,i} = \\frac{5}{180} \\pi$,  \n",
    "\n",
    "and  \n",
    "  \n",
    "$\\Sigma_{q,i} = \\frac{1}{4}(q_0)^R \\frac{∂\\exp_q{(e_{\\eta,i})}}{∂e_{\\eta,i}}  \n",
    "\\Sigma_{\\eta,i} (\\frac{∂\\exp_q{(e_{\\eta,i})}}{∂e_{\\eta,i}})^T(q_0^C)^R$  \n",
    "  \n",
    "where:\n",
    "$ e_{\\eta,i} \\sim N (0,\\Sigma_{\\eta,i})$, and  \n",
    "  \n",
    "$\\exp_q{}$ is a mapping operation $\\exp_q: R^3 \\rightarrow \\{q \\in R^4:||{q}||_2=1\\}$, sice we are assuming $\\eta$ is small we can use following approximation:  \n",
    "  \n",
    "$\\exp_q{(\\eta)} \\approx \\begin{pmatrix} 1 \\\\ \\eta \\end{pmatrix}$"
   ]
  },
  {
   "cell_type": "code",
   "execution_count": 158,
   "id": "logical-climate",
   "metadata": {},
   "outputs": [],
   "source": [
    "def TRIAD(acc, mag, LGV, LMF):\n",
    "    # Estimate initial quaternion q0 using TRIAD method.\n",
    "    # Setting LGV and LMF as reference unit vectors, respectivly V_1 and V_2\n",
    "    # Setting acc and mag as observation unit vectors, respectivly W_1 and W_2\n",
    "    \n",
    "    #Inputs:\n",
    "    #    acc - np.array of tri-axial accelerometer initial sample, in m/s^2,\n",
    "    #    gyr - np.array of tri-axial magnetometer initial sample, in uT,\n",
    "    #    LGV - local gravity vector\n",
    "    #    LMF - local magnetic field vector\n",
    "    #Outputs: \n",
    "    #    initial quaternion q0\n",
    "    #    initial covariance matrix P0\n",
    "    \n",
    "    # Normalizing input values\n",
    "    V1 = LGV/(LA.norm(LGV))\n",
    "    V2 = LMF/(LA.norm(LMF))\n",
    "    W1 = acc/(LA.norm(acc))\n",
    "    W2 = mag/(LA.norm(mag))\n",
    "    \n",
    "    crV1V2 = np.cross(V1,V2)\n",
    "    crW1W2 = np.cross(W1,W2)\n",
    "    \n",
    "    # Calculate M_ref and M_obs\n",
    "    M_ref = np.s_[V1,crV1V2/LA.norm(crV1V2),np.cross(V1,crV1V2)/LA.norm(crV1V2)]\n",
    "    M_obs = np.transpose(np.s_[W1,(crW1W2)/LA.norm(crW1W2),np.cross(W1,crW1W2)/LA.norm(crW1W2)])\n",
    "    \n",
    "    # Calculate A\n",
    "    A = M_obs@M_ref\n",
    "    \n",
    "    # Calculate initial covariance Cov_ni\n",
    "    sigma_ni = 5*np.pi/180\n",
    "    Cov_ni = sigma_ni**2* np.identity(3)\n",
    "    \n",
    "    # Calculater quaterion from given rotation matrix (using Cayley's method, Why? - look up Cayley's implementation above)\n",
    "    \n",
    "    return cayley(A)"
   ]
  },
  {
   "cell_type": "code",
   "execution_count": 159,
   "id": "alike-poster",
   "metadata": {},
   "outputs": [],
   "source": [
    "def Initial_cov_q(q0, Cov_t):\n",
    "    #Estimate initial covariance Cov_qi using functions presented in 3. \n",
    "    # Input:\n",
    "    #    q0 - initial quaterion, np.array (4x1)\n",
    "    #    Cov_t - type of requested initial covariance 1- Cov_ni, 2- Cov_qi\n",
    "    # Output\n",
    "    #    Cov_init - initial covariance(cov_ni np.array(3x3), Cov_qi)\n",
    "    \n",
    "    sigma_ni = 5*np.pi/180\n",
    "    Cov_ni = sigma_ni**2* np.identity(3)\n",
    "    \n",
    "    if (Cov_t == 1):\n",
    "        return Cov_ni\n",
    "    \n",
    "    q_R = R_operator(q0)\n",
    "    q_cR = R_operator(q_conjugate(q0))\n",
    "    exp_q = np.zeros([4,3]);\n",
    "    exp_q[1,0] = 1\n",
    "    exp_q[2,1] = 1\n",
    "    exp_q[3,2] = 1\n",
    "    \n",
    "    return (1/4)*q_R@exp_q@Cov_ni@np.transpose(exp_q)@q_cR"
   ]
  },
  {
   "cell_type": "code",
   "execution_count": 160,
   "id": "experimental-eight",
   "metadata": {},
   "outputs": [],
   "source": [
    "def initial_cov_awm(sigma_a, sigma_w, sigma_m):\n",
    "    #Calcuate covariance matrices for accelerometer, gyroscope and magnetometer\n",
    "    # Input:\n",
    "    #    sigma_a - accelerometr error, np.array([sigma(ax), sigma(ay), sigma(az)])\n",
    "    #    sigma_w - gyroscope error, np.array([sigma(wx), sigma(wy), sigma(wz)])\n",
    "    #    sigma_m - magnetometer error, np.array([sigma(mx), sigma(my), sigma(mz)])\n",
    "    # Output:\n",
    "    #    Cov_a, Cov_w, Cov_m - covariance matrices for respectively acceletometer, gyroscope annd magnetometer\n",
    "    \n",
    "    Cov_a = (sigma_a**2)*np.identity(3)\n",
    "    Cov_w = (sigma_w**2)*np.identity(3)\n",
    "    Cov_m = (sigma_m**2)*np.identity(3)\n",
    "    Z = np.zeros((3,3)) \n",
    "    return Cov_a, Cov_w, Cov_m"
   ]
  },
  {
   "cell_type": "markdown",
   "id": "indoor-scratch",
   "metadata": {},
   "source": [
    "## EKF Quaterions as states\n",
    "  \n",
    "    Sources:\n",
    "    \n",
    "[5] https://arxiv.org/pdf/1711.02508.pdf  \n",
    "[6] https://www.iri.upc.edu/people/jsola/JoanSola/objectes/notes/kinematics.pdf  \n",
    "[3] Manon Kok et al. \"Using Inertial Sensors for Position and Orientation Estimation\"   \n",
    "  \n",
    "#### Steps of EKF with Quaterions as states [3]:\n",
    "  \n",
    "1. Compute initial quaterion $q_{init}$ and initial covariance $\\Sigma_{q,i}$ using methods descripted in 2. \n",
    "   \n",
    "  \n",
    "2. For t = 2,...,N loop:  \n",
    "\n",
    "TIME UPDATE CALCULATIONS  \n",
    "First, we need to update current quaterion with respect to previous quaterion:  \n",
    "$q_{t|t-1} = q_{t-1|t-1} \\odot \\exp_q{(\\frac{T}{2} y_{\\omega,t-1})}$  \n",
    "  \n",
    "Now estimate F and G values, using:  \n",
    "$F_{t-1} = (\\exp_q{(\\frac{T}{2} y_{\\omega,t-1})})^R$ and \n",
    "$G_{t-1} = -\\frac{T}{2}(q_{t-1|t-1})^L  \\frac{∂\\exp_q{(e_{\\omega,t-1})}}{∂e_{\\omega,t-1}} $  \n",
    "\n",
    "Kaiqiang Feng et al. A New Quaternion-Based Kalman Filter for\n",
    "Real-Time Attitude Estimation Using the Two-Step\n",
    "Geometrically-Intuitive Correction Algorithm"
   ]
  },
  {
   "cell_type": "code",
   "execution_count": 161,
   "id": "adaptive-brunei",
   "metadata": {},
   "outputs": [],
   "source": [
    "def H_mat(q, gn, mn):\n",
    "    qw, qx, qy, qz = q\n",
    "    a_ref = gn\n",
    "    m_ref = mn\n",
    "    \n",
    "    #m_ref /= LA.norm(m_ref)\n",
    "    \n",
    "    v = np.r_[a_ref, m_ref]\n",
    "    \n",
    "    H =  np.array([[2*qw*v[0]+qz*v[1]-qy*v[2], 2*qz*v[0] + qy*v[1]+qz*v[2], qx*v[1]-qw*v[2], qw*v[1]+qx*v[2]],\n",
    "                  [ -qz*v[0]+2*qw*v[1]+qx*v[2], qy*v[0]+qw*v[2], qx*v[0]+2*qy*v[1]+qz*v[2], -qw*v[0]+qy*v[2]],\n",
    "                  [ qy*v[0]-qx*v[1]+2*qw*v[2], qz*v[0]-qw*v[1], qw*v[0]+qz*v[1], qx*v[0]+qy*v[1]+2*qz*v[2] ]])\n",
    "    \n",
    "    H_2 =  np.array([[5*qw*v[3]+qz*v[4]-qy*v[5], 5*qz*v[3] + qy*v[4]+qz*v[5], qx*v[4]-qw*v[5], qw*v[4]+qx*v[5]],\n",
    "                    [ -qz*v[3]+5*qw*v[4]+qx*v[5], qy*v[3]+qw*v[5], qx*v[3]+5*qy*v[4]+qz*v[5], -qw*v[3]+qy*v[5]],\n",
    "                    [ qy*v[3]-qx*v[4]+5*qw*v[5], qz*v[3]-qw*v[4], qw*v[3]+qz*v[4], qx*v[3]+qy*v[4]+5*qz*v[5]]]) \n",
    "    \n",
    "    H = np.vstack((H, H_2))\n",
    "    \n",
    "    return 2.0*H"
   ]
  },
  {
   "cell_type": "code",
   "execution_count": 162,
   "id": "forbidden-collection",
   "metadata": {},
   "outputs": [],
   "source": [
    "def G_mat(q):\n",
    "    # Calculate matrix G\n",
    "    # Input:\n",
    "    #\n",
    "    #\n",
    "    exp_q = np.zeros([4,3]);\n",
    "    exp_q[1,0] = 1\n",
    "    exp_q[2,1] = 1\n",
    "    exp_q[3,2] = 1\n",
    "    #exp_q\n",
    "    \n",
    "    qL = L_operator(q)\n",
    "    return qL@exp_q\n",
    "\n"
   ]
  },
  {
   "cell_type": "code",
   "execution_count": 163,
   "id": "radical-upgrade",
   "metadata": {},
   "outputs": [],
   "source": [
    "def H_mat2(Rbn,gn,mn):\n",
    "    # Clculate matrix H\n",
    "    g = gn/LA.norm(gn)\n",
    "    m = mn#/LA.norm(mn)\n",
    "    \n",
    "    H1 = Rbn@skew_mat(g)\n",
    "    H2 = Rbn@skew_mat(m)\n",
    "    \n",
    "    return np.vstack((H1, H2))\n"
   ]
  },
  {
   "cell_type": "markdown",
   "id": "developing-groove",
   "metadata": {},
   "source": [
    "## Extended kalman filters \n"
   ]
  },
  {
   "cell_type": "code",
   "execution_count": 164,
   "id": "governing-exercise",
   "metadata": {},
   "outputs": [],
   "source": [
    "def EKF_DS(q_prior,acc,gyr_prio,mag, T, P, Q, R):\n",
    "    # Orientation estimation using orientation deviations as states [3]\n",
    "    #Input:\n",
    "    #    q_prior - quaterion from step t-1\n",
    "    #    acc - array of tri-axial accelerometer sample, in m/s^2.\n",
    "    #    gyr_prio - array of tri-axial gyroscope prior sample, in rad/s\n",
    "    #    mag - array of tri-axial magnetometer sample, arbitrary units\n",
    "    #    T - time between 2 samples\n",
    "    #    P - previous sample covariance matrix \n",
    "    #    Q - gyro covariance matrix\n",
    "    #    R - covariance matrix of noise variances (acc + mag)\n",
    "    \n",
    "    a = acc#/LA.norm(acc)\n",
    "    m = mag/LA.norm(mag)\n",
    "    gp = gyr_prio#/ LA.norm(gyr_prio)\n",
    "    \n",
    "    ############ TIME UPDATE #################\n",
    "    qe = quat_e(T/2*gp)\n",
    "    q_t = quat_multi(q_prior, qe)\n",
    "    \n",
    "    G = T/2*quat2rot(q_t)\n",
    "    P_t = P+G@Q@np.transpose(G)\n",
    "\n",
    "    ############ MEASURMENT UPDATE ##########\n",
    "    gn = np.array([0.0, 0.0, -9.805])\n",
    "    mn = np.array([2.0410, 19.7188, -45.5990])\n",
    "   #m_ref = np.array([0.45399, 0, -0.8910])\n",
    "    mn = mn/LA.norm(mn)\n",
    "    #print(mn)\n",
    "    R_bn = np.transpose(quat2rot(q_t))\n",
    "    y=np.concatenate((a,m))\n",
    "    y_2 = np.concatenate((-R_bn@gn, R_bn@mn))\n",
    "    \n",
    "    H = H_mat2(R_bn,gn,mn)\n",
    "    et = y-y_2\n",
    "    \n",
    "    S = H@P_t@np.transpose(H) + R\n",
    "    K = P_t@np.transpose(H)@ LA.inv(S)\n",
    "    \n",
    "    n_post = K@et\n",
    "    P_pos = P_t - K@S@np.transpose(K)\n",
    "    \n",
    "\n",
    "    #print('Pt:',P_t)\n",
    "    \n",
    "    q_post = quat_multi(quat_e(n_post/2), q_t)\n",
    "    #q_post = q_post/LA.norm(q_post)\n",
    "    #print('Ppos:',P_pos)\n",
    "    return P_pos, q_post"
   ]
  },
  {
   "cell_type": "code",
   "execution_count": 165,
   "id": "suited-university",
   "metadata": {},
   "outputs": [],
   "source": [
    "def EKF_QS(q_prior,acc,gyr_prio,mag, T, P, Q, R):\n",
    "    # Orientation estimation using EKF with quaternion states [3]\n",
    "    #Input:\n",
    "    #    q_prior - quaterion from step t-1\n",
    "    #    acc - array of tri-axial accelerometer sample, in m/s^2.\n",
    "    #    gyr_prio - array of tri-axial gyroscope prior sample, in rad/s\n",
    "    #    mag - array of tri-axial magnetometer sample, arbitrary units\n",
    "    #    T - time between 2 samples\n",
    "    #    P - previous sample covariance matrix \n",
    "    #    Q - gyro covariance matrix\n",
    "    #    R - covariance matrix of noise variances (acc + mag)\n",
    "\n",
    "    \n",
    "    a = acc#/LA.norm(acc)\n",
    "    m = mag/LA.norm(mag)\n",
    "    gp = gyr_prio#/ LA.norm(gyr_prio)\n",
    "    \n",
    "    ############ TIME UPDATE #################\n",
    "    qe = quat_e(T/2*gp)\n",
    "    q_t = quat_multi(q_prior, qe)\n",
    "    \n",
    "    F = R_operator(qe)\n",
    "    G = -T/2 * G_mat(q_prior)\n",
    "    # Process Noise Covariance matrix \n",
    "    Q_t = G@Q@np.transpose(G)\n",
    "    \n",
    "    P_t = F@P@np.transpose(F) + Q_t\n",
    "    \n",
    "    ############ MEASURMENT UPDATE ##########\n",
    "    gn = np.array([0.0, 0.0, -9.805])\n",
    "    mn = np.array([2.0410, 19.7188, -45.5990])\n",
    "    m_ref = np.array([0.45399, 0, -0.8910])\n",
    "    \n",
    "    mn = mn/LA.norm(mn)\n",
    "    #print(mn)\n",
    "    R_bn = np.transpose(quat2rot(q_t))\n",
    "    y=np.r_[a,m]\n",
    "    y_2 = np.r_[-R_bn@gn, R_bn@mn]\n",
    "    et = y-y_2\n",
    "    \n",
    "    H = H_mat(q_t, gn, mn)\n",
    "    S = H@P_t@np.transpose(H) + R\n",
    "    K = P_t@np.transpose(H)@ LA.inv(S)\n",
    "    \n",
    "    q_post = q_t + K@et\n",
    "    P_pos = P_t - K@S@np.transpose(K)\n",
    "    \n",
    "\n",
    "    #print('Pt:',H)\n",
    "        \n",
    "    J = 1/LA.norm(q_post)**3*np.matmul(q_post.reshape((-1, 1)),[q_post,])\n",
    "    #print(J)\n",
    "    P_pos = J@P_pos@np.transpose(J) \n",
    "    q_post = q_post/LA.norm(q_post)\n",
    "    \n",
    "    #print('Ppos:',P_pos)\n",
    "    return P_pos, q_post"
   ]
  },
  {
   "cell_type": "markdown",
   "id": "applied-assembly",
   "metadata": {},
   "source": [
    "# Tests"
   ]
  },
  {
   "cell_type": "code",
   "execution_count": 168,
   "id": "golden-entry",
   "metadata": {},
   "outputs": [],
   "source": [
    "acc = df.acc_x.values, df.acc_y.values ,df.acc_z.values\n",
    "acc = np.transpose(acc)*9.805/1000\n",
    "acc = acc[10:]\n",
    "#acc[0] = np.array([0, 0, 9.805])"
   ]
  },
  {
   "cell_type": "code",
   "execution_count": 169,
   "id": "irish-counter",
   "metadata": {},
   "outputs": [],
   "source": [
    "gyr = df.gyr_x.values, df.gyr_y.values ,df.gyr_z.values\n",
    "gyr = (np.pi/180) * np.transpose(gyr)/1000\n",
    "gyr = gyr[10:]\n",
    "#gyr[0] = np.array([0,1,1])"
   ]
  },
  {
   "cell_type": "code",
   "execution_count": 170,
   "id": "desperate-wings",
   "metadata": {},
   "outputs": [],
   "source": [
    "mag = df.mag_x.values, df.mag_y.values ,df.mag_z.values\n",
    "mag = np.transpose(mag)\n",
    "mag = mag[10:]\n",
    "#mag[0] = np.array([2.0410, 19.7188, -45.5990]);"
   ]
  },
  {
   "cell_type": "code",
   "execution_count": 171,
   "id": "first-cursor",
   "metadata": {},
   "outputs": [],
   "source": [
    "# Uncertainty of measurments\n",
    "sigma_m = 0.6\n",
    "sigma_a = 0.2\n",
    "sigma_w = 0.2\n",
    "\n",
    "noises = np.array([sigma_a**2, sigma_w**2, sigma_m**2])\n",
    "#noises = np.array([0.2**2, 0.2**2, 0.8**2])\n",
    "#R = np.diag(np.repeat(noises[1:], 3))\n",
    "# Covariance matrices\n",
    "[Cov_a, Cov_w, Cov_m] = initial_cov_awm(sigma_a, sigma_w, sigma_m)\n",
    "# Q matrix\n",
    "Q = Cov_w\n",
    "# R matrix\n",
    "Z = np.zeros((3,3)) \n",
    "R = np.asarray(np.bmat([[Cov_a, Z], [Z, Cov_m]]))"
   ]
  },
  {
   "cell_type": "code",
   "execution_count": 172,
   "id": "prime-infection",
   "metadata": {},
   "outputs": [
    {
     "name": "stdout",
     "output_type": "stream",
     "text": [
      "[[0.00761544 0.         0.        ]\n",
      " [0.         0.00761544 0.        ]\n",
      " [0.         0.         0.00761544]]\n"
     ]
    }
   ],
   "source": [
    "a_ref = np.array([0.0, 0.0, -9.805])\n",
    "m_ref = np.array([2.0410, 19.7188, -45.5990])\n",
    "m_ref = np.array([0.45399, 0, -0.8910])   \n",
    "q1 = np.zeros([len(acc),4]);\n",
    "q2 = np.zeros([len(acc),4]);\n",
    "\n",
    "init_q = TRIAD(acc[10],mag[10], a_ref, m_ref)\n",
    "q1[0] = init_q \n",
    "q2[0] = init_q\n",
    "\n",
    "P1 = Initial_cov_q(init_q,2)\n",
    "P2 = Initial_cov_q(init_q,1)\n",
    "print(P2)"
   ]
  },
  {
   "cell_type": "code",
   "execution_count": 173,
   "id": "juvenile-retrieval",
   "metadata": {},
   "outputs": [
    {
     "name": "stdout",
     "output_type": "stream",
     "text": [
      "[[ 1.32122104e-01 -3.67275361e-03 -3.06992543e-03 -3.38582153e-01]\n",
      " [-3.67275361e-03  1.02095854e-04  8.53383297e-05  9.41196655e-03]\n",
      " [-3.06992543e-03  8.53383297e-05  7.13313051e-05  7.86713145e-03]\n",
      " [-3.38582153e-01  9.41196655e-03  7.86713145e-03  8.67666128e-01]]\n",
      "[[ 1.32026555e-01 -3.74656470e-03 -3.11240956e-03 -3.38456185e-01]\n",
      " [-3.74656470e-03  1.06317605e-04  8.83219577e-05  9.60449204e-03]\n",
      " [-3.11240956e-03  8.83219577e-05  7.33723095e-05  7.97880597e-03]\n",
      " [-3.38456185e-01  9.60449204e-03  7.97880597e-03  8.67648096e-01]]\n",
      "[[ 1.31954636e-01 -3.78623374e-03 -3.15446602e-03 -3.38377435e-01]\n",
      " [-3.78623374e-03  1.08640109e-04  9.05125132e-05  9.70921604e-03]\n",
      " [-3.15446602e-03  9.05125132e-05  7.54096726e-05  8.08914455e-03]\n",
      " [-3.38377435e-01  9.70921604e-03  8.08914455e-03  8.67717063e-01]]\n",
      "[[ 1.31899529e-01 -3.80085525e-03 -3.18266270e-03 -3.38316830e-01]\n",
      " [-3.80085525e-03  1.09526552e-04  9.17125357e-05  9.74903635e-03]\n",
      " [-3.18266270e-03  9.17125357e-05  7.67958912e-05  8.16339805e-03]\n",
      " [-3.38316830e-01  9.74903635e-03  8.16339805e-03  8.67768661e-01]]\n",
      "[[ 1.31844983e-01 -3.78468222e-03 -3.17284761e-03 -3.38257861e-01]\n",
      " [-3.78468222e-03  1.08641369e-04  9.10783228e-05  9.70987656e-03]\n",
      " [-3.17284761e-03  9.10783228e-05  7.63545317e-05  8.14017051e-03]\n",
      " [-3.38257861e-01  9.70987656e-03  8.14017051e-03  8.67825059e-01]]\n",
      "[[ 1.31798293e-01 -3.82431474e-03 -3.21846189e-03 -3.38206243e-01]\n",
      " [-3.82431474e-03  1.10967926e-04  9.33882448e-05  9.81353469e-03]\n",
      " [-3.21846189e-03  9.33882448e-05  7.85935593e-05  8.25886194e-03]\n",
      " [-3.38206243e-01  9.81353469e-03  8.25886194e-03  8.67867561e-01]]\n",
      "[[ 1.31755947e-01 -3.82018056e-03 -3.21018930e-03 -3.38160287e-01]\n",
      " [-3.82018056e-03  1.10763725e-04  9.30774133e-05  9.80474416e-03]\n",
      " [-3.21018930e-03  9.30774133e-05  7.82151818e-05  8.23916156e-03]\n",
      " [-3.38160287e-01  9.80474416e-03  8.23916156e-03  8.67910574e-01]]\n",
      "[[ 1.31709079e-01 -3.81615658e-03 -3.18693457e-03 -3.38109435e-01]\n",
      " [-3.81615658e-03  1.10569834e-04  9.23386710e-05  9.79642825e-03]\n",
      " [-3.18693457e-03  9.23386710e-05  7.71135294e-05  8.18115693e-03]\n",
      " [-3.38109435e-01  9.79642825e-03  8.18115693e-03  8.67958310e-01]]\n",
      "[[ 1.31661981e-01 -3.82520943e-03 -3.15812557e-03 -3.38058348e-01]\n",
      " [-3.82520943e-03  1.11134795e-04  9.17538353e-05  9.82169624e-03]\n",
      " [-3.15812557e-03  9.17538353e-05  7.57527499e-05  8.10887627e-03]\n",
      " [-3.38058348e-01  9.82169624e-03  8.10887627e-03  8.68006436e-01]]\n",
      "[[ 1.31615145e-01 -3.84475981e-03 -3.15830094e-03 -3.38007156e-01]\n",
      " [-3.84475981e-03  1.12313655e-04  9.22607234e-05  9.87391175e-03]\n",
      " [-3.15830094e-03  9.22607234e-05  7.57881230e-05  8.11098385e-03]\n",
      " [-3.38007156e-01  9.87391175e-03  8.11098385e-03  8.68052360e-01]]\n",
      "[[ 1.31568705e-01 -3.85678385e-03 -3.18811329e-03 -3.37956129e-01]\n",
      " [-3.85678385e-03  1.13057142e-04  9.34558401e-05  9.90679162e-03]\n",
      " [-3.18811329e-03  9.34558401e-05  7.72529177e-05  8.18919991e-03]\n",
      " [-3.37956129e-01  9.90679162e-03  8.18919991e-03  8.68096600e-01]]\n",
      "[[ 1.31518838e-01 -3.84302085e-03 -3.22922803e-03 -3.37901552e-01]\n",
      " [-3.84302085e-03  1.12294249e-04  9.43590349e-05  9.87358712e-03]\n",
      " [-3.22922803e-03  9.43590349e-05  7.92883652e-05  8.29661497e-03]\n",
      " [-3.37901552e-01  9.87358712e-03  8.29661497e-03  8.68145280e-01]]\n",
      "[[ 1.31465089e-01 -3.82523663e-03 -3.29418061e-03 -3.37842531e-01]\n",
      " [-3.82523663e-03  1.11302821e-04  9.58506963e-05  9.83019623e-03]\n",
      " [-3.29418061e-03  9.58506963e-05  8.25437837e-05  8.46547416e-03]\n",
      " [-3.37842531e-01  9.83019623e-03  8.46547416e-03  8.68196846e-01]]\n",
      "[[ 1.31411543e-01 -3.80693602e-03 -3.35871091e-03 -3.37783696e-01]\n",
      " [-3.80693602e-03  1.10285303e-04  9.73004143e-05  9.78544875e-03]\n",
      " [-3.35871091e-03  9.73004143e-05  8.58443541e-05  8.63331913e-03]\n",
      " [-3.37783696e-01  9.78544875e-03  8.63331913e-03  8.68248121e-01]]\n",
      "[[ 1.31361707e-01 -3.79432466e-03 -3.40268442e-03 -3.37729064e-01]\n",
      " [-3.79432466e-03  1.09597386e-04  9.82850309e-05  9.75515428e-03]\n",
      " [-3.40268442e-03  9.82850309e-05  8.81403078e-05  8.74825283e-03]\n",
      " [-3.37729064e-01  9.75515428e-03  8.74825283e-03  8.68296578e-01]]\n",
      "[[ 1.31311070e-01 -3.79956683e-03 -3.41290549e-03 -3.37673649e-01]\n",
      " [-3.79956683e-03  1.09942811e-04  9.87545263e-05  9.77079542e-03]\n",
      " [-3.41290549e-03  9.87545263e-05  8.87048128e-05  8.77647446e-03]\n",
      " [-3.37673649e-01  9.77079542e-03  8.77647446e-03  8.68346391e-01]]\n",
      "[[ 1.31264287e-01 -3.80827635e-03 -3.40944392e-03 -3.37622526e-01]\n",
      " [-3.80827635e-03  1.10486782e-04  9.89157439e-05  9.79519949e-03]\n",
      " [-3.40944392e-03  9.89157439e-05  8.85565150e-05  8.76936974e-03]\n",
      " [-3.37622526e-01  9.79519949e-03  8.76936974e-03  8.68392862e-01]]\n",
      "[[ 1.31213256e-01 -3.81921436e-03 -3.40449989e-03 -3.37566722e-01]\n",
      " [-3.81921436e-03  1.11165585e-04  9.90945221e-05  9.82552918e-03]\n",
      " [-3.40449989e-03  9.90945221e-05  8.83342116e-05  8.75861102e-03]\n",
      " [-3.37566722e-01  9.82552918e-03  8.75861102e-03  8.68443445e-01]]\n",
      "[[ 1.31162323e-01 -3.83241415e-03 -3.40588899e-03 -3.37510948e-01]\n",
      " [-3.83241415e-03  1.11978790e-04  9.95162095e-05  9.86168670e-03]\n",
      " [-3.40588899e-03  9.95162095e-05  8.84406406e-05  8.76413896e-03]\n",
      " [-3.37510948e-01  9.86168670e-03  8.76413896e-03  8.68493616e-01]]\n",
      "[[ 1.31111506e-01 -3.84621587e-03 -3.42373318e-03 -3.37455081e-01]\n",
      " [-3.84621587e-03  1.12830498e-04  1.00436776e-04  9.89939883e-03]\n",
      " [-3.42373318e-03  1.00436776e-04  8.94044259e-05  8.81201197e-03]\n",
      " [-3.37455081e-01  9.89939883e-03  8.81201197e-03  8.68542627e-01]]\n",
      "[[ 1.31060674e-01 -3.86336179e-03 -3.43847617e-03 -3.37399174e-01]\n",
      " [-3.86336179e-03  1.13882859e-04  1.01358226e-04  9.94573759e-03]\n",
      " [-3.43847617e-03  1.01358226e-04  9.02110297e-05  8.85192316e-03]\n",
      " [-3.37399174e-01  9.94573759e-03  8.85192316e-03  8.68591611e-01]]\n",
      "[[ 1.31009765e-01 -3.88026118e-03 -3.45494202e-03 -3.37343190e-01]\n",
      " [-3.88026118e-03  1.14925989e-04  1.02328840e-04  9.99146652e-03]\n",
      " [-3.45494202e-03  1.02328840e-04  9.11124777e-05  8.89629225e-03]\n",
      " [-3.37343190e-01  9.99146652e-03  8.89629225e-03  8.68640803e-01]]\n",
      "[[ 1.30962829e-01 -3.89898131e-03 -3.46002025e-03 -3.37291588e-01]\n",
      " [-3.89898131e-03  1.16079160e-04  1.03010559e-04  1.00417317e-02]\n",
      " [-3.46002025e-03  1.03010559e-04  9.14132672e-05  8.91119816e-03]\n",
      " [-3.37291588e-01  1.00417317e-02  8.91119816e-03  8.68686297e-01]]\n",
      "[[ 1.30915937e-01 -3.91538701e-03 -3.45705223e-03 -3.37240170e-01]\n",
      " [-3.91538701e-03  1.17099994e-04  1.03392281e-04  1.00860583e-02]\n",
      " [-3.45705223e-03  1.03392281e-04  9.12891918e-05  8.90538543e-03]\n",
      " [-3.37240170e-01  1.00860583e-02  8.90538543e-03  8.68732519e-01]]\n",
      "[[ 1.30868969e-01 -3.93393510e-03 -3.45556697e-03 -3.37188570e-01]\n",
      " [-3.93393510e-03  1.18254507e-04  1.03874710e-04  1.01359242e-02]\n",
      " [-3.45556697e-03  1.03874710e-04  9.12435023e-05  8.90339166e-03]\n",
      " [-3.37188570e-01  1.01359242e-02  8.90339166e-03  8.68778390e-01]]\n",
      "[[ 1.30822160e-01 -3.94910243e-03 -3.45760587e-03 -3.37137149e-01]\n",
      " [-3.94910243e-03  1.19210766e-04  1.04374058e-04  1.01770918e-02]\n",
      " [-3.45760587e-03  1.04374058e-04  9.13838932e-05  8.91047342e-03]\n",
      " [-3.37137149e-01  1.01770918e-02  8.91047342e-03  8.68824186e-01]]\n",
      "[[ 1.30775479e-01 -3.96681115e-03 -3.47444027e-03 -3.37085654e-01]\n",
      " [-3.96681115e-03  1.20325238e-04  1.05390158e-04  1.02248154e-02]\n",
      " [-3.47444027e-03  1.05390158e-04  9.23088582e-05  8.95568479e-03]\n",
      " [-3.37085654e-01  1.02248154e-02  8.95568479e-03  8.68868834e-01]]\n",
      "[[ 1.30728771e-01 -3.98525625e-03 -3.49627262e-03 -3.37034068e-01]\n",
      " [-3.98525625e-03  1.21490222e-04  1.06583595e-04  1.02744569e-02]\n",
      " [-3.49627262e-03  1.06583595e-04  9.35059829e-05  9.01379991e-03]\n",
      " [-3.37034068e-01  1.02744569e-02  9.01379991e-03  8.68913264e-01]]\n",
      "[[ 1.30681982e-01 -4.00672941e-03 -3.51433558e-03 -3.36982379e-01]\n",
      " [-4.00672941e-03  1.22846933e-04  1.07750063e-04  1.03319310e-02]\n",
      " [-3.51433558e-03  1.07750063e-04  9.45084736e-05  9.06222230e-03]\n",
      " [-3.36982379e-01  1.03319310e-02  9.06222230e-03  8.68957776e-01]]\n",
      "[[ 1.30635069e-01 -4.02754561e-03 -3.52246877e-03 -3.36930651e-01]\n",
      " [-4.02754561e-03  1.24171280e-04  1.08599504e-04  1.03877433e-02]\n",
      " [-3.52246877e-03  1.08599504e-04  9.49805159e-05  9.08506197e-03]\n",
      " [-3.36930651e-01  1.03877433e-02  9.08506197e-03  8.69002976e-01]]\n",
      "[[ 1.30592072e-01 -4.05228283e-03 -3.52020213e-03 -3.36883275e-01]\n",
      " [-4.05228283e-03  1.25742673e-04  1.09232164e-04  1.04535160e-02]\n",
      " [-3.52020213e-03  1.09232164e-04  9.48895509e-05  9.08092816e-03]\n",
      " [-3.36883275e-01  1.04535160e-02  9.08092816e-03  8.69044647e-01]]\n",
      "[[ 1.30548865e-01 -4.08426875e-03 -3.50943361e-03 -3.36835628e-01]\n",
      " [-4.08426875e-03  1.27777834e-04  1.09793908e-04  1.05380252e-02]\n",
      " [-3.50943361e-03  1.09793908e-04  9.43411057e-05  9.05486442e-03]\n",
      " [-3.36835628e-01  1.05380252e-02  9.05486442e-03  8.69086376e-01]]\n",
      "[[ 1.30505703e-01 -4.11385967e-03 -3.49795810e-03 -3.36788064e-01]\n",
